mult_i_j_k mult_i_k_j mult_j_i_k mult_j_k_i mult_k_i_j mult_k_j_i
1 0 0 0 0 0 0 
2 0 0 0 0 0 0 
3 0 0 0 0 0 0 
4 0 0 0 0 0 0 
5 0 0 0 0 0 0 
6 0 0 0 0 0 0 
7 0 0 0 0 0 0 
8 0 0 0 0 0 0 
9 0 0 0 0 0 0 
10 0 0 0 0 0 0 
11 0 0 0 0 0 0 
12 0 0 0 0 0 0 
13 0 0 0 0 0 0 
14 0 0 0 0 0 0 
15 0 0 0 0 0 0 
16 0 0 0 0 0 0 
17 0 0 0 0 0 0 
18 0 0 0 0 0 0 
19 0 0 0 0 0 0 
20 0 0 0 0 0 0 
21 0 0 0 0 0 0 
22 0 0 0 0 0 0 
23 0 0 0 0 0 0 
24 0 0 0 0 0 0 
25 0 0 0 0 0 0 
26 0 0 0 0.05 0 0.05 
27 0 0 0 0.15 0 0 
28 0 0 0 0.2 0 0.15 
29 0 0 0 0.2 0 0.15 
30 0 0 0 0.4 0 0.4 
31 0 0 0 0.2 0 0.15 
32 0 0 0 0.25 0 0.3 
33 0 0 0 0.45 0 0.45 
34 0 0 0 0.5 0 0.5 
35 0 0 0 0.45 0 0.45 
36 0 0 0 0.45 0 0.45 
37 0 0 0 0.5 0 0.5 
38 0 0 0 0.5 0 0.5 
39 0 0 0 0.45 0 0.45 
40 0 0 0 0.65 0.05 0.75 
41 0 0 0 0.95 0.25 0.95 
42 0 0 0 0.85 0.2 0.9 
43 0 0.05 0 0.85 0.45 0.85 
44 0 0 0 0.45 0.4 0.45 
45 0 0 0 0.45 0.35 0.5 
46 0.05 0 0 0.45 0.45 0.5 
47 0 0 0 0.45 0.45 0.5 
48 0.1 0.25 0.15 1.25 0.45 1.25 
49 0.05 0.45 0.45 1.15 0.45 1.15 
50 0.05 0.45 0.45 1.2 0.5 1.3 
51 0.2 0.45 0.45 1.15 0.5 1.2 
52 0.3 0.45 0.45 1.2 0.6 1.25 
53 0.15 0.45 0.4 1.05 0.6 1.05 
54 0 0.4 0.05 0.6 0.45 0.9 
55 0 0.4 0 0.9 0.45 0.9 
56 0 0.45 0.2 0.95 0.5 1 
57 0.1 0.45 0.45 1 0.55 1.05 
58 0.05 0.45 0.45 1.25 0.75 1.35 
59 0.35 0.5 0.45 0.9 0.9 0.95 
60 0.45 0.5 0.45 1.5 0.9 1.6 
61 0.45 0.5 0.5 2.2 1 2.25 
62 0.45 0.55 0.45 2.05 1.2 2.15 
63 0.5 0.75 0.6 2.35 1.2 2.6 
64 0.45 0.55 0.5 1.8 1 1.9 
65 0.45 0.5 0.45 1.8 0.95 1.8 
66 0.45 0.5 0.45 1.85 1.05 1.9 
67 0.45 0.45 0.45 1.75 1.05 1.8 
68 0.45 0.45 0.45 1.85 1.1 2.15 
69 0.45 0.6 0.5 1.85 1.35 2.2 
70 0.45 0.7 0.45 1.9 1.3 2.3 
71 0.5 0.8 0.55 1.85 1.35 2.15 
72 0.5 0.9 0.55 2 1.4 2.35 
73 0.45 0.9 0.9 2.35 1.45 2.5 
74 0.5 0.9 0.9 2.3 1.6 2.45 
75 0.85 1.1 1 2.65 1.8 2.9 
76 0.95 1.15 1.1 2.75 1.9 3 
77 1.1 1.25 1.15 3 2.1 3.3 
78 1.05 1.3 1.1 2.75 2.05 3 
79 1.1 1.1 1.1 2.6 2.05 3.1 
80 0.95 1.05 0.95 2.8 1.95 3.1 
81 1.2 1.45 1.25 3.25 2.3 3.6 
82 1.15 1.45 1.15 3.1 2.45 3.55 
83 1.55 1.85 1.7 4.2 2.85 4.55 
84 1.2 1.5 1.55 3.55 2.5 4.05 
85 1.15 1.5 1.4 3.3 2.55 3.7 
86 0.95 1.35 1.35 3.3 2.4 3.7 
87 1.4 1.55 1.5 3.55 2.9 4.25 
88 1.45 1.5 1.4 3.55 2.55 4 
89 1.35 1.45 1.4 3.4 2.8 4.05 
90 1.35 1.55 1.5 3.75 2.75 4.35 
91 1.75 2.1 1.8 4.35 3.4 4.45 
92 1.55 1.95 1.6 4.45 3 4.9 
93 1.55 1.9 1.6 4.1 3.4 4.65 
94 1.4 1.85 1.8 3.5 3.3 4.1 
95 1.75 1.95 1.8 4.05 3.35 4.6 
96 2.1 2.3 2.15 5.1 3.7 5.55 
97 2 2.15 2 4.25 3.65 5.1 
98 2.1 2.55 2.4 4.8 4 5.55 
99 2 2.35 2.1 4.75 4 5.35 
100 2 2.45 2.15 4.95 3.95 5.45 
101 2 2.35 2.1 4.75 4.05 5.4 
102 2.5 2.85 2.65 6 4.55 6.45 
103 2.65 3.1 2.85 5.5 4.9 6.45 
104 2.5 2.8 2.55 5.4 4.75 6.4 
105 2.75 3.15 2.75 6.25 4.85 6.9 
106 2.5 3.05 2.6 5.75 4.8 6.5 
107 2.55 3 2.65 6.15 4.9 7.05 
108 2.3 2.7 2.35 6.25 4.7 6.7 
109 2.5 2.7 2.7 6.2 4.45 6.8 
110 2.6 2.75 2.7 6.35 4.95 7.15 
111 2.7 3.15 2.7 5.85 4.95 6.8 
112 2.7 3.15 2.7 6.35 5.25 7.25 
113 2.7 3.15 2.7 6.6 4.95 7.45 
114 2.75 3.2 2.95 6.7 5.3 7.55 
115 3.05 3.2 3.15 6.55 5.45 7.5 
116 3.2 3.35 3.15 6.8 5.7 7.85 
117 3.2 3.6 3.2 6.05 5.9 7.15 
118 3.3 3.95 3.4 6.95 6.05 7.95 
119 3.2 3.85 3.45 6.3 6.3 7.6 
120 3.6 3.95 3.6 7.1 6.35 8.15 
121 3.5 4 3.65 6.8 6.3 7.9 
122 3.65 4.1 3.7 7.3 6.75 8.6 
123 3.7 4.15 3.75 5.75 6.95 7.35 
124 3.6 4.2 3.65 6.2 6.85 7.3 
125 3.7 4.25 3.95 5.85 6.95 7.2 
126 4.1 4.6 4.2 6.25 7.55 7.7 
127 4.4 4.5 4.1 8.2 7.25 9.45 
128 4.1 4.9 4.2 8.05 7.7 9.4 
129 4.2 4.65 4.2 7.8 7.85 9.4 
130 4.35 4.85 4.55 8.5 7.8 9.8 
131 4.55 4.95 4.85 9 7.9 10.35 
132 4.55 5.1 4.6 8.75 8.15 10.25 
133 4.8 5.3 4.75 9.5 8.6 11 
134 4.65 5.4 5.1 9.3 8.45 10.75 
135 4.95 5.45 5 9.3 8.7 10.95 
136 5.1 5.7 5.2 10.1 9.4 11.4 
137 5.2 5.95 5.4 10.05 8.7 11.9 
138 5.55 6.1 5.6 9.75 9.5 11.65 
139 5.55 6.2 5.65 10.45 9.35 11.9 
140 5.6 6.1 5.45 11.1 9.6 12.55 
141 5.6 5.95 5.7 11.25 9.6 12.95 
142 5.55 6.25 5.9 11.2 10 12.65 
143 5.85 6.45 5.9 10.4 10.15 12.55 
144 5.95 6.7 6 10.6 10.95 12.75 
145 5.95 6.6 6.1 10.85 10.7 12.75 
146 6.15 6.75 6.4 11.3 10.75 13.25 
147 6.05 6.8 6.65 12.15 11 13.85 
148 6.4 7.15 6.7 12.5 11.05 14.25 
149 6.6 7.1 6.6 12.4 11.25 14.1 
150 6.45 7.4 6.8 12.75 11.55 14.2 
151 6.65 7.7 6.85 12.15 12.35 14.45 
152 6.8 7.45 7 13 12.25 15.25 
153 6.8 7.95 7.25 12.45 12.35 14.65 
154 7.2 7.75 7.25 12.6 12.05 14.7 
155 7.25 7.95 7.5 12.55 12.85 14.65 
156 7.2 8.25 7.65 11.4 13.45 14.15 
157 7.3 8.5 7.95 12.8 13.2 14.9 
158 7.65 8.75 8.05 12.45 13.7 15 
159 7.7 8.65 8.2 14.1 13.35 16.5 
160 8 8.7 8.2 14.15 13.75 16.7 
161 8.15 8.7 8.45 14.65 14.3 17.45 
162 8.15 9.1 8.6 14.9 14.2 17.5 
163 8.2 9.25 8.8 15.5 14.65 18 
164 8.55 9.65 8.9 16.1 14.4 18.45 
165 8.55 9.55 9.1 16.6 15 18.8 
166 9.1 10 9.45 16.8 15.2 19.4 
167 9.1 10.75 9.45 15.85 15.75 18.35 
168 9.1 10.2 9.5 16.2 16.45 19.4 
169 9.6 10.8 10 17.7 16.25 21 
170 9.45 10.65 9.8 17.35 16.45 20.35 
171 9.45 10.7 10.15 17.35 16.7 20.1 
172 9.85 11.25 10.45 17.9 16.7 20.4 
173 10 11.2 10.6 18.2 16.8 20.8 
174 10 11 10.55 18.35 18.4 21.35 
175 10.45 11.6 10.9 18.1 17.75 21.3 
176 10.35 11.35 11.1 18.45 17.85 22.05 
177 10.75 11.85 11.15 18.3 18.25 21.65 
178 10.85 12.1 11.55 19.35 18.8 22.95 
179 10.85 12.25 11.55 19.25 18.55 22.4 
180 11.25 12.75 11.35 19.45 18.75 22.8 
181 12.3 13.2 12.75 22.5 20.3 25.85 
182 12.1 13.7 12.2 23.55 20.95 24.8 
183 11.75 14.05 12.25 25.45 22.25 26.85 
184 12.6 14.05 13.15 24.55 20.2 26.1 
185 12.25 13.15 12.7 21.3 20.05 25.05 
186 12.25 14 12.75 21.25 20.2 25.05 
187 13.25 14.2 13.45 18 21.55 23.05 
188 14.6 14.55 14.55 20.85 22.65 25.5 
189 14.55 15.55 14.6 20.7 23 25.2 
190 14.55 14.95 15.4 20.65 23 25.15 
191 14.25 14.95 14 23.3 22.35 27.9 
192 14.4 15.25 14.5 25.3 24.15 29.15 
193 14.85 16.4 14.6 24.65 23.55 28.7 
194 14.65 16.1 15.1 24.6 23.6 28.8 
195 14.05 16.1 14.9 24.25 24.35 28.4 
196 15.05 16.35 17.15 27.4 24.3 30.8 
197 14.7 16.5 15.25 25.35 24.8 29.3 
198 14.9 16.7 15.85 25 25.2 29.45 
199 15.8 16.75 15.75 25.85 25.2 30.55 
200 15.45 17.1 16.9 27.6 27.3 31.9 
201 15.65 17.45 16.45 26.5 26.5 31.3 
202 15.8 17.45 16.4 25.25 25.9 30.45 
203 16 17.5 17.8 28.95 27.05 32.5 
204 16.2 18.2 16.8 27 27.65 31.6 
205 16.3 17.85 17.4 29.5 26.75 33.95 
206 16.65 18.15 17.5 30.5 28.1 34.7 
207 17.1 18.2 17.8 28.35 28.35 34.15 
208 17.3 18.6 18 29.35 27.95 34.7 
209 17.9 19.15 19.35 31.2 29.2 35.95 
210 18.5 20.25 18.55 29.55 30 35.1 
211 18.05 19.3 18.8 30.75 29.95 35.9 
212 18.2 19.65 19.15 31.15 30.8 36.55 
213 18.45 20.55 19.9 30.95 30.7 36.4 
214 18.7 20.95 19.35 31.55 32.75 37.2 
215 19.1 21.55 19.65 32.35 33.4 38.25 
216 19.35 22.1 20.3 31.8 32.2 37.9 
217 19.5 21.7 20.55 32.15 32.5 38.65 
218 19.85 21.8 20.45 31 32.4 37.6 
219 20.1 21.9 20.55 28.15 31.7 35.6 
220 20.25 22.55 21.3 28.2 34.25 35.95 
221 20.7 23.35 21.45 29.55 35.7 36.95 
222 21.05 23.05 21.95 28.7 36.25 36.75 
223 21.15 23.85 21.8 32.15 37.05 39.55 
224 21.6 23.4 22 33.35 35.65 41.05 
225 21.65 24.4 22.5 33.4 36.65 41.05 
226 22.65 24.6 22.8 33.65 36.8 41.65 
227 22.5 24 23 34.85 37.15 41.9 
228 22.75 24.75 23.25 34.9 37.5 42.65 
229 23.2 24.85 23.55 35.7 37.55 42.75 
230 23.2 25.85 23.95 35.7 38.35 43.1 
231 24 26.95 24.4 36.1 39.25 44.35 
232 23.85 26.55 24.6 38.35 40.3 45.5 
233 24.3 26.75 25.15 38.55 39.5 45.75 
234 24.5 27 25.25 39.3 40.1 47.45 
235 24.75 26.85 25.7 39.8 40.65 47.7 
236 25 26.85 26.1 41.8 42 49.4 
237 25.25 28.25 26.05 41.4 40.3 49 
238 25.65 27.3 26.65 43.3 41.4 51.25 
239 26.1 28.25 26.95 40.45 43.85 50 
240 26.65 29.2 27.2 39.75 43.05 49.15 
241 26.65 28.7 27.7 41.15 43.95 50.9 
242 27 29.55 27.45 41.85 45.25 50.85 
243 27.45 29.7 28 41.75 43.85 51.15 
244 27.6 30.5 28.5 41.95 44.85 51.55 
245 27.9 30.5 29.3 44.55 44.2 54.4 
246 28.35 31.2 28.95 43.3 44.85 52.95 
247 30.05 31 29.55 42.95 48.45 53.25 
248 29.2 31.9 29.65 43.05 47.45 53.4 
249 29.6 32.4 30.25 43 48.75 54 
250 29.75 32.45 30.65 44.9 48.45 55.9 
251 33.3 34.3 32.8 44.1 48.85 55.4 
252 33.8 34.5 32.95 44.6 49.85 56.25 
253 34.5 35.3 33.95 44.8 50.5 56.65 
254 34.35 35.15 34.1 47.85 51 58 
255 31.55 34.35 32.3 47.8 50.2 58.8 
256 32 35.65 32.75 51.65 51 63.1 
257 32.4 34.9 32.9 50.4 51.55 62.3 
258 32.85 35.55 34.3 50.1 52 62.05 
259 33.2 37.25 33.45 49.45 52.6 61.1 
260 33.6 36.55 34.25 51.25 53.5 63.95 
261 35.7 38.4 35.1 53.6 51.95 63.35 
262 36 38.2 38.1 55.9 55.3 65.55 
263 36.85 38.55 36 56.7 55.55 66.35 
264 35.6 39 38 55.6 55.2 65.6 
265 37.05 41.35 36.15 55.7 57.1 66.35 
266 39.2 40.45 37.85 58.05 56.6 69.75 
267 36.05 40 38.1 53.9 57.25 67.15 
268 36.6 40.35 37.3 54 57.85 67.1 
269 37.2 40.35 37.85 55.85 58.85 69.65 
270 37.65 41.05 38 55.5 58.6 68.85 
271 38.85 41.15 38.7 61.9 60.5 71.9 
272 38.35 42.65 39 59.8 60.15 74.75 
273 39.15 43.75 40.55 61.55 61.45 73.6 
274 40.85 41.4 43.55 60.35 61.1 73.1 
275 39.65 42.25 40 63.05 64.3 75.9 
276 40.25 44.55 41.2 64.8 62.7 78.2 
277 41.4 43.65 41.4 64.35 62.65 80.6 
278 41.05 43.35 41.8 65.4 62.7 81.75 
279 41.45 45.05 43.05 67.75 64.85 80.9 
280 42.2 46.55 43.85 78 66.4 85.25 
281 42.3 44.95 43.15 68.95 65.1 85.75 
282 42.75 45.15 43.4 69.55 66.55 86.35 
283 43.7 46.6 44.3 61.95 67.25 79.2 
284 44.55 48.05 45.2 60.45 68.65 78.7 
285 44.9 48.9 45 61.15 69.9 79.45 
286 45.8 48 45.75 63.15 70.2 81.2 
287 45.05 49.3 46.15 69.35 70.5 86.85 
288 45.65 50.35 46.35 70.85 71.1 86.3 
289 46.25 48.8 46.75 73.9 70.5 92.05 
290 46.7 48.8 47.2 75.4 72.55 95.1 
291 47.05 50.05 47.5 74.35 73.2 93.1 
292 47.35 52.05 48.2 75.85 73.15 96.2 
293 48.2 52.9 48.85 76.1 74.65 94.05 
294 49.75 52.9 52.95 81.3 75 97.35 
295 52.9 56.8 53.65 91.3 72.9 97.7 
296 51.15 53.25 50.35 77.65 77.8 94.5 
297 50.05 56.45 50.6 78.35 76.65 94.7 
298 51.15 55.5 51.25 78.15 79.4 96.4 
299 51.95 56.75 54.65 79.4 79.5 94.25 
300 51.6 55.6 52.7 78.45 79.9 95.55 
301 52.1 56.7 55 84 79.5 97.3 
302 52.5 56.85 53.05 77.85 80.85 96.9 
303 53.15 57.45 53.8 82.5 81.8 102.6 
304 53.9 58.65 54.7 81.85 84.2 103.95 
305 54.3 59.6 54.8 85.9 84.1 107.55 
306 55.2 60.55 55.25 86.15 86.55 103.8 
307 55.5 60.05 55.95 85.3 87.9 106 
308 58.95 58.35 56.85 88.7 87.5 112.05 
309 57.8 59.9 60.85 88.8 86.8 110.35 
310 57.05 60 58.2 90.35 89.6 113.55 
311 57.65 60.9 58.35 90.3 89.2 112.85 
312 61.15 62.8 58.8 92.8 91.9 111.25 
313 59 64.1 59.3 94.7 91.6 112.75 
314 59.5 62 59.8 94.05 92.3 117.25 
315 66.35 68.6 68.55 98.2 94.25 112.85 
316 67.35 65.85 65.35 95.35 96.25 113.2 
317 68.95 65.8 66.35 90.65 96.45 114.9 
318 69.65 67.85 71.4 94.85 95.5 114.15 
319 62.8 67.5 63.25 95.65 96 117.65 
320 63.6 68.9 64.05 98.55 95.55 125.6 
321 64.4 67.85 64.6 100.45 98.2 121.05 
322 64.9 68.6 66.4 98.2 99.35 124.6 
323 65.5 69.45 66.25 103.95 99.85 132.25 
324 66.3 70.1 70.15 103.35 96.85 129.3 
325 68.35 71.05 71.9 106.35 104.4 125 
326 67.9 71.35 67.65 108.7 96.8 130.9 
327 68.45 74.25 68.05 109.35 104.45 128.3 
328 68.85 71.25 69.65 106.4 103.8 132.35 
329 69.8 73.25 69.7 110.3 108.4 135.25 
330 70.15 75.1 69.75 103.95 106.55 128.6 
331 71.4 75 71.3 105.1 104.5 129.4 
332 71.45 76.45 71.6 105.35 104.3 131.5 
333 72.1 76.65 74.95 103.15 107.2 125.25 
334 75.85 82.6 81.1 123.5 108.65 131.4 
335 75.9 76.1 75.3 112.85 110.15 142.6 
336 75.7 79.2 79.1 117.35 109.4 141.9 
337 76.2 78.2 79 118.85 113.2 141.8 
338 77.9 79.35 76 123.6 116.3 147.65 
339 76.7 79.95 78.15 118.85 113.95 150.4 
340 79.1 84.55 77.2 118 116.75 146.15 
341 78 84.1 81.7 120.8 112.45 148.05 
342 79.75 80.55 78.45 117.4 116.6 146.55 
343 80.6 86.25 79.45 127.95 120.75 145.15 
344 80.3 83.25 79.7 123.4 119.6 152.05 
345 91.05 84.8 81.15 142.45 122.2 153.4 
346 84.35 86.1 80.95 123.7 123.2 150.2 
347 86.35 88.15 85.15 121.3 123.65 146.75 
348 90.05 88.15 86.15 119.25 123.4 144.4 
349 87.35 88.4 86.5 120.65 123.45 150.95 
350 88.25 90.35 88.2 123.7 128.6 156.75 
351 85.35 89.05 86.5 129.85 129.4 160.4 
352 86 90 88.5 130.6 130.95 167.65 
353 87.5 91.6 86.35 130.75 131.45 164.25 
354 87.2 90.8 87 135.05 130.15 166.1 
355 89.85 95.5 90.6 152.1 134.65 175.45 
356 89.2 92.25 91.8 139.95 134.5 161.8 
357 92.1 92.25 89.75 134.1 135.25 167.2 
358 98.7 98 103.7 160.2 133.05 171.65 
359 104.05 96.1 107.75 153.75 136.2 173.5 
360 96.1 97.15 96.25 153.95 139.6 177.2 
361 105.65 106.6 96.4 154.25 139.25 172.8 
362 110.65 99.35 109.45 168.5 140.55 177.75 
363 99.65 109.15 103.6 149.6 137.55 172.9 
364 100.25 100.1 95.7 151.85 141.6 173 
365 105.75 109 100.8 159.15 146.8 174.5 
366 100.45 100.05 95.8 141.45 140.9 171.8 
367 101.3 106.05 107.1 156.35 145.7 174.65 
368 103 106.7 99.2 167.2 136.4 181.9 
369 103.7 111.25 105.7 160.5 141.65 185.65 
370 105.25 116.75 104 160.85 154.95 187.3 
371 114.75 111.05 118 163.7 149.7 181.8 
372 105.55 110.8 106.8 166.95 149.4 194.8 
373 102 106.05 106.7 157.6 150.95 191.95 
374 106.85 117.5 107.75 176.5 157.25 186.7 
375 118.85 110.55 114.75 181.3 155.05 208.45 
376 115.2 117.8 117.25 173.8 150.05 189.25 
377 114.5 112.95 115.7 174.3 154.7 193.05 
378 108.8 109.85 110.35 181.55 151 204.05 
379 128.55 122.25 123.2 157.2 154.65 180.2 
380 118.9 114.2 122.8 163.65 162.6 187.5 
381 117.9 112.15 116.15 151.95 162.05 190.75 
382 120.25 117.35 122.35 161.8 165.85 191.5 
383 126.8 124.6 125.05 182.45 163.3 204.25 
384 113.3 122 113.6 178.65 161.35 207.9 
385 113.25 116 111.85 175.9 165.9 209.95 
386 113.8 117.6 119.3 175.6 169.3 206.3 
387 115.95 117.25 115.85 184.25 168.3 214.3 
388 115.7 122.9 118.1 181.1 169.65 217.75 
389 119.3 128.65 117.5 195.95 163.75 230.5 
390 122.65 122.3 118.3 188.7 173.35 230.35 
391 128.6 128.4 124.2 207.45 165.55 215.25 
392 122.4 131.85 124.65 201.7 174.5 214.85 
393 126.65 129.95 130.25 189.95 166.3 213.9 
394 124.35 133.95 126.2 206.8 175.1 226.3 
395 128.5 137.7 122.35 186.15 163.3 218.05 
396 129.05 136.65 131.15 188.25 169 217.8 
397 124.65 136.55 125.3 197.25 185.55 213.75 
398 153.4 142.6 144.95 205.3 169.1 224.75 
399 136.35 139.25 149.05 204.45 173.9 235.85 
400 143.75 142.15 156.75 210.45 165.25 231.75 
401 138 136.2 141.5 195.05 185 219.35 
402 134.7 142.05 136.1 218.7 176.4 240.85 
403 129.9 134.65 134.9 212.9 188.25 238.3 
404 132.05 132.9 129.45 200.5 186.95 241.8 
405 136.3 138.65 134.15 201.85 193.5 237.75 
406 139 136.7 137.25 202.75 187.65 250.7 
407 134.95 137.5 138.85 208.1 193.65 249.05 
408 138.35 146.2 142.4 220.6 202.65 231.9 
409 143.8 156.1 149.4 214.85 188.2 240.7 
410 150.45 145.9 146.85 238.75 201.9 238.65 
411 162.95 158.25 157.25 218.35 193.1 241.85 
412 151.05 142.5 155.65 211.45 200.2 239.7 
413 164.85 150.4 160.65 200.4 196.15 243.6 
414 160.9 157.8 162.4 207.6 198.5 242.2 
415 147.1 148.7 152.35 205.4 211.35 245.15 
416 157.05 151.45 141.75 211.9 203.05 257.35 
417 150.7 147.25 146.4 221.4 206.85 250.7 
418 156.4 151.45 153.2 214.55 204.95 256.9 
419 148.1 151.5 150.8 234.95 204.75 272.9 
420 147.65 153.6 145.05 225.4 215.8 281.15 
421 153.4 148.8 146.55 230.6 215.45 272.5 
422 149.7 153.55 148.45 235.9 217.1 281.85 
423 161.85 157.1 150.5 221.4 214.65 267.75 
424 151.9 154.15 149.85 226.75 221.15 279.85 
425 152.3 156.55 157.25 233.05 223.4 279.6 
426 155.55 165.2 152.15 238.9 225.45 285 
427 161.65 161.05 155.15 231.25 214.8 276.55 
428 155.2 158.5 163.8 232.9 218.6 274.35 
429 155.9 159.15 154.8 223 226.25 278.05 
430 156.05 161.7 155.6 227.8 224.5 282.25 
431 173.45 164.1 158.5 242.75 223.7 287.25 
432 166.3 175.9 191.7 244.25 226.5 279.75 
433 167.95 165.65 159.3 236.1 233.7 287.6 
434 164.75 171.55 161.8 262.2 224.55 292.4 
435 167.95 168.45 172 270.55 211.9 299.25 
436 169.1 175.75 203.85 300.6 212.05 288.2 
437 183.55 178.8 179.95 259.5 235.35 300.85 
438 185.1 181.45 206.3 287.95 225 311 
439 183.1 189.1 213.35 270.55 220.6 288.95 
440 174.4 183.55 185.35 259.8 244.45 299.35 
441 184.6 177.75 175.55 265.85 248.4 313.55 
442 180.1 181.9 193.7 268.05 235.25 296.8 
443 195.85 182.8 187.7 248.6 246.6 301.25 
444 206.2 192.7 203.7 266.2 256.2 290.05 
445 189.35 182.85 192.4 238.75 255.55 302.05 
446 192.15 183.75 188.85 236.7 255.95 304.65 
447 189 189.85 190.55 271.15 241.05 314.9 
448 186.6 187.35 196.3 299.7 242.1 325.05 
449 203.15 200.15 211.35 316.75 270.1 343.5 
450 207.35 197.9 199.65 273.3 263.9 322.75 
451 209.4 206.85 199.5 296.9 239.2 317.5 
452 199.25 188 201.1 294.8 255.95 327.7 
453 193.9 211.55 210.5 306.9 258.8 350.65 
454 200.95 188.7 185.3 303.6 257.5 333.55 
455 199.95 204.2 195.35 287.85 266.6 335.35 
456 199.4 196.9 187.55 292.85 265.55 330.1 
457 190.85 193.9 195.2 283 266.3 335.1 
458 204.85 222.4 225.7 338.65 249 346.5 
459 243.75 220 271.75 329.6 250.65 344.35 
460 222.7 209.85 216 314.9 253.5 324.15 
461 207.85 213 196.75 282.1 261.55 347.55 
462 216.5 215.5 197.05 281.1 276 314.1 
463 209.65 221.2 216.4 297.5 262.7 329.2 
464 211 211.1 214.45 299.85 279.65 361.65 
465 236.55 235.8 264.4 372.45 260.4 345.5 
466 232.45 235.4 239.75 362.6 270.1 369.15 
467 216.4 224.75 215.9 334.95 265.35 352.3 
468 222.65 213.55 225.8 322.25 284.75 356 
469 225.55 219 224.5 333.65 276.65 370.9 
470 269.55 249.6 258.3 404.95 296.45 393.55 
471 232.95 219.2 271.55 353.7 283.1 383.95 
472 253.15 253.85 235.85 335.25 265.55 372 
473 230.95 236.75 251.9 333.35 266.45 353.15 
474 251.4 230.5 253.25 330.15 281.65 355.1 
475 242.95 246.7 244.45 309.05 283.1 350.85 
476 248.65 256.4 253.65 329.15 288.75 331.65 
477 265.5 242.6 262.75 302.7 274.35 350.3 
478 249.55 262.45 259.2 329.05 291.45 368.65 
479 229.05 224.3 225.35 324.45 309.5 384.1 
480 224.15 232.5 219.2 326.25 316.65 395.15 
481 234.1 247.55 219.4 327.8 319.9 369.5 
482 226.55 232.45 228.35 320 322.25 387.6 
483 228.65 227 234 334.85 316.5 397.1 
484 229.5 249 225.1 336 314.55 396.45 
485 231.65 233.05 247.95 353.55 313 411.85 
486 288.15 287.1 293.3 376.9 312.15 406 
487 264.15 268.5 271.2 402.15 305.05 399.3 
488 243.9 243.7 249.5 349.1 303.5 406.75 
489 244.9 235.4 230.15 350.95 325.2 418.45 
490 237.85 253.7 232.15 359.7 325.75 397.95 
491 237.6 239.85 234.35 330.8 334.45 415 
492 242.85 247.45 237.15 328.55 334.4 410.2 
493 240.1 243.65 238.3 363.5 331.3 421.65 
494 256.9 259.05 253.25 358 330.95 391.2 
495 243.6 254.15 261.4 339.05 337.5 407.7 
496 245.85 244.75 243.6 343.35 347.5 434.7 
497 250.85 268.05 244.2 357.05 340.75 425.9 
498 249.55 252.75 263.45 362.2 341.1 423.25 
499 263.75 260.8 259.65 380.45 327.5 433.5 
500 260.95 263.7 248.35 360.2 353.55 446.15 
