transpose_i_j transpose_j_i
1 0 0 
2 0 0 
3 0 0 
4 0 0 
5 0 0 
6 0 0 
7 0.1 0 
8 0 0.2 
9 0.1 0.2 
10 0.1 0.3 
11 0.1 0.3 
12 0.6 0.6 
13 0.5 0.5 
14 0.9 1.5 
15 0.9 1.2 
16 0.9 1.4 
17 1.1 1.4 
18 1.3 1.7 
19 1.7 2.2 
20 2.1 2.7 
21 2.4 2.3 
22 2.3 3.3 
23 3.4 4.4 
24 3.5 3.1 
25 3.5 5.3 
26 3.1 4.3 
27 3.4 4.6 
28 3.9 6.2 
29 3.8 4.6 
30 4.4 5.3 
31 4.1 5.1 
32 4.5 6.7 
33 5 92.7 
34 7.2 6.6 
35 6.5 8.5 
36 7.1 8.8 
37 7.6 10.9 
38 7.6 8.7 
39 9.2 8.6 
40 9.5 9.7 
41 10.9 9.7 
42 9.6 9.5 
43 10.7 10.2 
44 10.3 10.4 
45 10.2 10.8 
46 10.8 13.6 
47 13.6 11.9 
48 12 13.5 
49 13.1 13.7 
50 12.9 15 
51 13.4 15.2 
52 12.8 14.9 
53 13.5 15.4 
54 14.5 15.6 
55 14 14.6 
56 14.8 16.7 
57 15.3 16.8 
58 14.5 15.7 
59 15.6 17.9 
60 19 20.9 
61 19.8 21.7 
62 18.4 22.4 
63 18.5 19.7 
64 18.6 20.2 
65 19.4 20.3 
66 19.5 22.5 
67 21.4 24 
68 22.1 21.2 
69 22.6 25.6 
70 23.2 25.6 
71 24.3 27.1 
72 22.9 25.4 
73 24.1 26.3 
74 24.7 25.4 
75 22.4 24.4 
76 24 27.1 
77 27.5 30.1 
78 29.2 31 
79 29.3 31.5 
80 29.3 31.1 
81 31.4 31.8 
82 30.7 31.1 
83 30.2 32.8 
84 31.3 30.1 
85 31.4 32.7 
86 27.4 28.9 
87 27.3 30.5 
88 30.1 30.2 
89 33.2 34.6 
90 31.3 33.9 
91 34.5 43.6 
92 39.6 48.6 
93 45.8 52.5 
94 49.4 56.2 
95 43.6 44.1 
96 39.8 39.5 
97 38.7 39.9 
98 39.6 40.5 
99 37.6 39.5 
100 38.2 38.2 
101 39.2 36.6 
102 39.6 41.3 
103 40.1 39.5 
104 38.5 39.6 
105 39.3 41.8 
106 40.2 39.8 
107 41.1 44 
108 41.9 44.7 
109 49.4 51.7 
110 49.6 76.6 
111 49.9 51.9 
112 48.3 49.3 
113 55.1 56.9 
114 52.7 53.2 
115 52.1 55.1 
116 49.6 50.4 
117 51.2 53.7 
118 49.3 51.2 
119 50 49.6 
120 66.2 52.4 
121 52 53 
122 50.5 51 
123 53.4 59.4 
124 73.8 78.5 
125 58.6 66.6 
126 66.4 73.3 
127 73.2 63.2 
128 60.8 63 
129 71.2 73.8 
130 68 69.7 
131 63.9 64.7 
132 62 63.7 
133 61.3 62.2 
134 72.7 74.2 
135 60 62.3 
136 61.6 63.7 
137 64.1 66.8 
138 72.1 82.9 
139 70 88.1 
140 68.4 87.8 
141 66.7 72.7 
142 79.4 84.4 
143 80.7 79.8 
144 71.2 74.6 
145 69.6 70.1 
146 64 69.9 
147 68.9 75.5 
148 66.5 69.3 
149 79.9 84.7 
150 87.7 85.3 
151 84.5 84.4 
152 77.1 73.6 
153 79.1 72 
154 67.2 68.6 
155 70.1 80.4 
156 76 81.2 
157 75.9 80.8 
158 70.6 81.7 
159 76.3 74.8 
160 106.6 107 
161 101.1 97.1 
162 101.2 103.5 
163 82.8 89.2 
164 81.3 83.1 
165 77.8 80.3 
166 78.5 79 
167 81.1 80.6 
168 80.7 100.1 
169 91.2 89.3 
170 92.9 93 
171 95.1 108.2 
172 94.4 101.6 
173 90 100 
174 96.1 103.6 
175 87.3 87.2 
176 98 110.9 
177 92.3 93.2 
178 110.8 103.7 
179 97.4 98.2 
180 103.6 110.4 
181 109.4 111.6 
182 111.4 127.1 
183 95.2 96.5 
184 100.5 93.9 
185 98.7 118.7 
186 121.3 109.8 
187 108.7 117.3 
188 121.7 127.8 
189 127.8 145.8 
190 120.7 141 
191 123.1 131.7 
192 148.6 137 
193 152 151.7 
194 136.3 139.8 
195 135.8 132.8 
196 115.5 116.6 
197 150.8 145.4 
198 145.5 177.6 
199 155.4 185.2 
200 144.3 172.3 
201 134.2 152.9 
202 130.1 128 
203 134.9 172.5 
204 151.7 182.4 
205 164.9 190.8 
206 153.1 187.8 
207 137.5 162.7 
208 133.4 158.5 
209 158.6 174.6 
210 150.9 179 
211 156.2 195.5 
212 143.3 171.2 
213 131.5 164.2 
214 153.3 160.6 
215 148 161 
216 159.8 173.7 
217 159.7 182.4 
218 146.6 137.1 
219 150.6 175.7 
220 148.9 200.3 
221 166.3 192.9 
222 168.6 223.7 
223 162.3 180.8 
224 163.7 190.4 
225 192.8 209.9 
226 166 196.6 
227 149.1 190.7 
228 156.5 181.9 
229 159.7 188.9 
230 186 217.6 
231 175.8 191.2 
232 172.3 181.8 
233 168.3 189.1 
234 175.2 190 
235 204.2 226.6 
236 187.1 236.8 
237 183.3 225.6 
238 217.8 268.9 
239 226.4 258.5 
240 244.3 254.4 
241 203.4 200.9 
242 176.7 167.6 
243 176.8 177.4 
244 174.5 178.9 
245 169.2 184.2 
246 168.6 176.4 
247 174 192.3 
248 176.2 184.5 
249 176.7 179.2 
250 176.8 183.7 
251 203.5 511.9 
252 209.6 554.3 
253 222 587.1 
254 205.5 545.8 
255 193.3 193.8 
256 199.2 214.1 
257 196.5 212.3 
258 259.4 281.6 
259 286.9 346.8 
260 264.8 289.8 
261 248.1 284.9 
262 250.5 275.1 
263 250.6 271.3 
264 265.4 281.7 
265 321.5 338 
266 250.6 268.8 
267 242.4 259.5 
268 259.6 307.8 
269 242.1 299.3 
270 218.4 234.3 
271 228.6 248.4 
272 274.5 291.3 
273 219.8 246 
274 236.8 255.4 
275 245.6 272.5 
276 274.9 315.2 
277 227.5 264.6 
278 273.4 283.3 
279 257.7 269.3 
280 229.4 250.3 
281 258.9 275.2 
282 291.8 306.1 
283 243.6 291.1 
284 260 309.3 
285 350.7 407.6 
286 258.8 301.4 
287 243.9 272.5 
288 288.8 298.4 
289 266.6 284.2 
290 274.2 294.4 
291 271.7 305.4 
292 318.9 340.1 
293 264.6 315.6 
294 368.6 411.8 
295 272.1 299.1 
296 278.8 301 
297 351.2 373.3 
298 265.9 293 
299 291.4 334.4 
300 328.9 407.3 
301 288.8 345.6 
302 290.6 337.2 
303 330.8 369.9 
304 277.5 309.4 
305 370.1 406.9 
306 283.4 307.8 
307 322.8 328.6 
308 369.2 426.1 
309 292.6 333.6 
310 307.4 353.9 
311 350.9 377 
312 289.9 318.9 
313 301.9 318 
314 344.1 358.9 
315 342.3 674.8 
316 318.9 697.6 
317 342.5 912.3 
318 308.9 812.2 
319 318 349.2 
320 324.8 356.8 
321 333.6 356.1 
322 340.1 366.4 
323 303 368.2 
324 394.9 462 
325 325 364.1 
326 328.3 372.7 
327 385.5 429.7 
328 329 354.7 
329 352.6 353.4 
330 331.8 349.9 
331 332.3 416.6 
332 368 471.3 
333 359.9 436.8 
334 365.5 461.9 
335 335.2 373.9 
336 425.6 430.2 
337 344.8 380.3 
338 364.4 342.5 
339 386 452.4 
340 362.2 422.8 
341 419.1 500.5 
342 348.1 408.9 
343 363.4 367.1 
344 379.5 411.2 
345 428.1 473 
346 354.5 400.8 
347 393.9 452 
348 376.3 476 
349 372.2 469.4 
350 442.5 543.2 
351 392 463.2 
352 447 521.7 
353 457.2 432 
354 400.7 452.1 
355 441.3 447.9 
356 419 488.1 
357 385.1 453.1 
358 493.1 556 
359 395.8 467.1 
360 461 533.3 
361 415.5 468.1 
362 433.2 467.9 
363 403.6 498.1 
364 439.8 541.9 
365 417.5 504 
366 467.7 579.6 
367 436.6 531.5 
368 537.6 604.5 
369 444.9 483.9 
370 516.5 649.7 
371 438.5 529.8 
372 423 485.7 
373 436.4 510.6 
374 443.9 511.9 
375 451.4 484.9 
376 452.4 508.1 
377 449.4 483.8 
378 445.6 488.8 
379 492 1187.2 
380 495.4 1182 
381 462.2 1086.8 
382 464.9 1153.6 
383 530.3 622 
384 492 626.1 
385 586 710.9 
386 559.7 693.6 
387 460 559.7 
388 598.8 717.7 
389 472.5 620.7 
390 512.2 631.7 
391 489.4 560.2 
392 499.4 570.5 
393 496.9 558.9 
394 476.7 531.5 
395 525.7 669 
396 522.4 598 
397 681.9 799 
398 667.8 815.2 
399 573.6 648.2 
400 597.3 624.8 
401 511.4 572.7 
402 617.7 711.7 
403 524.3 653.5 
404 590 722.1 
405 530.7 642.6 
406 521.8 654.7 
407 546.4 596.4 
408 561.6 626.3 
409 533.6 591.2 
410 600.5 689.9 
411 526.4 1300.4 
412 564.9 1296.7 
413 526.7 1428.6 
414 528.6 1320.5 
415 581.7 666.6 
416 623.5 791.8 
417 595.4 674.8 
418 573.2 681 
419 628.4 768 
420 602 754 
421 566.8 718.5 
422 639.6 817.6 
423 603.3 697 
424 625.8 686 
425 575.2 665.4 
426 687.9 783.8 
427 585.9 726.4 
428 578.7 743.1 
429 678.8 874.3 
430 704.3 829.1 
431 658.4 761.1 
432 614.2 699 
433 727.9 827.5 
434 655.8 750.7 
435 594.8 773 
436 614.9 758.9 
437 611 803.3 
438 679.6 886.4 
439 618.3 699.8 
440 618.3 711.1 
441 715.7 832.9 
442 647.7 754.3 
443 672.9 1837.2 
444 667.2 1604.8 
445 630.1 1334.7 
446 610.9 1679.1 
447 711 847.9 
448 646.1 757 
449 627.8 765.9 
450 716.8 857.8 
451 642.2 818.6 
452 663.2 871.6 
453 641.2 800.3 
454 677.8 882.9 
455 734.9 891 
456 669.3 757.8 
457 663 763.1 
458 700.4 810.7 
459 677.3 848.3 
460 724.3 946.7 
461 665.5 808.1 
462 664.8 903.8 
463 707.9 863.1 
464 697.5 855.7 
465 806.3 1008.3 
466 733.1 851 
467 705.6 899.6 
468 688.6 837.6 
469 684.2 869 
470 710.1 957.8 
471 918.1 1048.1 
472 780.7 898.1 
473 723.9 839.1 
474 765.4 901.7 
475 731.1 1550 
476 731.1 1822.3 
477 747.5 1742.1 
478 732.8 1926.6 
479 799.7 964.7 
480 881.1 1060.8 
481 828.4 1018.6 
482 740 934.6 
483 814.3 1014.7 
484 742 980.9 
485 794.5 934.6 
486 762.6 979.4 
487 1026.3 1108 
488 1038.2 965.2 
489 762 758.8 
490 743.9 686.1 
491 731.6 895.1 
492 809.3 1026.5 
493 812 1074.9 
494 869.6 1139.2 
495 863.3 1069.6 
496 856.3 1077.5 
497 800.7 1015.7 
498 929.6 1158 
499 892.7 1165.1 
500 832.9 1073.9 
